0465 0.0073 0.02755 -0.0203 103.95 
0408 0.00795 0.0228 -0.0149 356.28 
0058 0.009 0.0234 -0.0144 259.65 
0066 0.0088 0.0226 -0.0138 3761.22 
0122 0.00905 0.02285 -0.0138 39.62 
0476 0.0095 0.0224 -0.0129 566.83 
0258 0.00945 0.02155 -0.0121 2719.35 
0045 0.008 0.0193 -0.0113 4088.8 
0268 0.01255 0.0238 -0.0113 337.2 
0344 0.01425 0.02535 -0.0111 2541.49 
0451 0.0163 0.0274 -0.0111 621.32 
0367 0.01285 0.02385 -0.0110 320.49 
0402 0.0086 0.0195 -0.0109 4370.25 
0136 0.01365 0.02365 -0.0100 2501.09 
0304 0.0126 0.0225 -0.0099 1175.86 
0087 0.01425 0.02275 -0.0085 303.33 
0353 0.0087 0.0172 -0.0085 1388.58 
0457 0.0137 0.022 -0.0083 81.98 
0054 0.01595 0.02325 -0.0073 944.7 
0227 0.01585 0.0232 -0.0073 1274.94 
0046 0.01335 0.02045 -0.0071 1197.92 
0431 0.0163 0.0231 -0.0068 1254.4 
0262 0.0143 0.021 -0.0067 1006.29 
0083 0.01415 0.0208 -0.0066 510.61 
0317 0.0121 0.0187 -0.0066 701.38 
0360 0.01315 0.0197 -0.0066 459.29 
0396 0.01305 0.0195 -0.0064 1365.11 
0362 0.01225 0.01855 -0.0063 1257.05 
0413 0.01645 0.02275 -0.0063 2291.5 
0373 0.016 0.02225 -0.0062 1315.42 
0105 0.0113 0.0174 -0.0061 165.35 
0156 0.01515 0.0213 -0.0061 3968.0 
0380 0.019 0.0251 -0.0061 5726.57 
0401 0.0196 0.0257 -0.0061 2417.92 
0305 0.0155 0.0215 -0.0060 65.27 
0118 0.01765 0.02345 -0.0058 2069.48 
0116 0.0189 0.02445 -0.0056 1097.6 
0392 0.0168 0.0224 -0.0056 384.51 
0433 0.01775 0.0233 -0.0056 711.92 
0021 0.01615 0.0217 -0.0055 755.42 
0121 0.0178 0.0233 -0.0055 413.49 
0472 0.01875 0.02425 -0.0055 149.46 
0432 0.019 0.0241 -0.0051 800.19 
0321 0.0183 0.02315 -0.0049 1476.33 
0037 0.01955 0.0242 -0.0047 4511.0 
0131 0.0134 0.01805 -0.0046 154.75 
0299 0.0166 0.02125 -0.0046 455.89 
0314 0.01705 0.0216 -0.0046 8721.1 
0387 0.0153 0.0198 -0.0045 266.84 
0346 0.01815 0.02245 -0.0043 365.18 
0351 0.01495 0.0193 -0.0043 1061.68 
0093 0.0236 0.0278 -0.0042 513.36 
0429 0.0202 0.0244 -0.0042 8334.5 
0148 0.0197 0.02375 -0.0041 1089.92 
0374 0.01885 0.02285 -0.0040 732.37 
0446 0.0224 0.0263 -0.0039 547.99 
0094 0.02135 0.02505 -0.0037 1147.02 
0284 0.02105 0.0247 -0.0037 665.2 
0426 0.0162 0.01995 -0.0037 632.41 
0447 0.01825 0.022 -0.0037 372.45 
0243 0.02235 0.0259 -0.0036 4181.85 
0416 0.01965 0.0232 -0.0036 1513.1 
0071 0.01955 0.023 -0.0035 928.31 
0375 0.0135 0.01705 -0.0035 1185.32 
0129 0.0211 0.02435 -0.0033 3982.47 
0140 0.01795 0.02125 -0.0033 339.51 
0077 0.0232 0.02635 -0.0032 113.39 
0163 0.0216 0.02425 -0.0027 4305.92 
0410 0.0216 0.02425 -0.0027 607.67 
0035 0.02395 0.02655 -0.0026 1769.06 
0002 0.02065 0.02315 -0.0025 303.22 
0348 0.0194 0.0217 -0.0023 2478.38 
0073 0.02025 0.0224 -0.0022 2651.67 
0389 0.02015 0.02225 -0.0021 428.26 
0018 0.014 0.01595 -0.0020 962.35 
0080 0.0217 0.0235 -0.0018 864.19 
0202 0.0152 0.017 -0.0018 1192.29 
0490 0.0157 0.0175 -0.0018 355.19 
0065 0.01645 0.0181 -0.0016 558.72 
0082 0.02175 0.02325 -0.0015 1903.9 
0218 0.0228 0.02435 -0.0015 1159.12 
0104 0.0206 0.022 -0.0014 1204.69 
0345 0.02035 0.02155 -0.0012 1396.79 
0146 0.02705 0.02805 -0.0010 1401.76 
0287 0.02505 0.0259 -0.0009 4381.9 
0008 0.02175 0.02255 -0.0008 1649.81 
0088 0.02125 0.022 -0.0008 141.08 
0422 0.0218 0.02245 -0.0006 1095.66 
0453 0.0282 0.02875 -0.0006 3575.95 
0201 0.0259 0.02645 -0.0005 698.56 
0393 0.0246 0.0251 -0.0005 9065.02 
0264 0.02285 0.0232 -0.0004 4149.83 
0478 0.02105 0.02145 -0.0004 2160.33 
0141 0.02535 0.02545 -0.0001 582.0 
0356 0.0229 0.0229 0.0000 1150.91 
0440 0.0186 0.01855 0.0000 2161.07 
0228 0.02155 0.0215 0.0001 772.46 
0254 0.0243 0.0242 0.0001 1356.55 
0174 0.02795 0.02765 0.0003 14467.26 
0398 0.0201 0.0198 0.0003 3361.58 
0007 0.02325 0.0228 0.0004 550.38 
0331 0.0285 0.0281 0.0004 649.94 
0325 0.0228 0.02235 0.0005 1142.58 
0119 0.0254 0.0248 0.0006 380.59 
0109 0.02195 0.02125 0.0007 71.19 
0324 0.026 0.0252 0.0008 4833.4 
0100 0.01915 0.01815 0.0010 1212.73 
0381 0.02355 0.02255 0.0010 1400.68 
0153 0.0238 0.0225 0.0013 1087.83 
0273 0.02175 0.0205 0.0013 337.32 
0406 0.02335 0.0221 0.0013 768.47 
0260 0.0252 0.02375 0.0014 8473.28 
0354 0.0277 0.02615 0.0015 1912.72 
0266 0.02215 0.0206 0.0016 74.64 
0492 0.02125 0.0197 0.0016 1189.52 
0027 0.01805 0.01615 0.0019 2199.43 
0123 0.0264 0.02455 0.0019 275.44 
0215 0.0219 0.02005 0.0019 1597.64 
0076 0.0234 0.02145 0.0020 840.48 
0330 0.0212 0.01905 0.0022 5658.06 
0031 0.02595 0.02365 0.0023 1300.48 
0072 0.02205 0.01965 0.0024 1242.54 
0233 0.0244 0.0219 0.0025 3278.76 
0179 0.02545 0.0229 0.0026 962.01 
0269 0.0227 0.0201 0.0026 765.36 
0135 0.02815 0.0255 0.0027 2310.4 
0203 0.02265 0.0199 0.0028 211.37 
0050 0.02445 0.02155 0.0029 2601.2 
0470 0.02555 0.02265 0.0029 1186.08 
0421 0.02365 0.02055 0.0031 7828.14 
0334 0.02475 0.0215 0.0033 2997.37 
0209 0.0268 0.0234 0.0034 156.5 
0327 0.02515 0.02165 0.0035 119.02 
0025 0.0232 0.01965 0.0036 1451.37 
0173 0.0327 0.02905 0.0037 1291.43 
0313 0.02305 0.01935 0.0037 319.03 
0456 0.0268 0.0231 0.0037 838.36 
0265 0.02525 0.0215 0.0038 3332.43 
0294 0.03 0.0262 0.0038 379.09 
0371 0.02145 0.0176 0.0039 1186.8 
0051 0.0248 0.0205 0.0043 2746.44 
0311 0.02765 0.02315 0.0045 1870.03 
0113 0.02385 0.01925 0.0046 199.64 
0183 0.02965 0.02495 0.0047 566.56 
0230 0.02815 0.0235 0.0047 2613.86 
0257 0.02905 0.02435 0.0047 1439.26 
0095 0.0267 0.0219 0.0048 937.39 
0139 0.0304 0.02565 0.0048 760.18 
0280 0.0281 0.0233 0.0048 2164.11 
0405 0.0242 0.01945 0.0048 5383.82 
0464 0.0266 0.0217 0.0049 4508.45 
0111 0.0257 0.0207 0.0050 7456.89 
0240 0.02785 0.0229 0.0050 1382.18 
0322 0.0299 0.0248 0.0051 1534.76 
0056 0.0274 0.02225 0.0052 134.58 
0006 0.02975 0.0245 0.0053 2549.89 
0217 0.02135 0.01605 0.0053 2340.03 
0096 0.02785 0.02245 0.0054 1347.2 
0498 0.02525 0.01955 0.0057 1508.53 
0336 0.0254 0.01965 0.0058 218.32 
0039 0.0269 0.0209 0.0060 341.83 
0047 0.0269 0.0208 0.0061 911.34 
0165 0.0277 0.0215 0.0062 321.53 
0256 0.0288 0.0221 0.0067 2311.78 
0300 0.0276 0.0209 0.0067 1106.62 
0328 0.02715 0.02035 0.0068 110.13 
0062 0.0291 0.02195 0.0072 354.45 
0086 0.03135 0.02415 0.0072 327.0 
0444 0.03 0.02285 0.0072 2410.18 
0101 0.02675 0.01905 0.0077 268.76 
0186 0.03015 0.0225 0.0077 487.89 
0188 0.02955 0.02185 0.0077 564.16 
0125 0.03055 0.0228 0.0078 1018.74 
0016 0.03495 0.02705 0.0079 271.08 
0450 0.02495 0.0171 0.0079 4360.65 
0291 0.0323 0.02435 0.0080 2362.36 
0404 0.03025 0.02225 0.0080 367.58 
0343 0.02985 0.0218 0.0081 2063.39 
0420 0.02605 0.01795 0.0081 1345.09 
0481 0.0294 0.02125 0.0082 166.77 
0110 0.0326 0.02415 0.0085 2430.65 
0290 0.0303 0.02185 0.0085 421.79 
0283 0.0304 0.0218 0.0086 4646.77 
0349 0.0332 0.0246 0.0086 2353.09 
0467 0.03205 0.0235 0.0086 821.81 
0239 0.03165 0.0228 0.0089 2073.44 
0372 0.02895 0.02005 0.0089 802.04 
0009 0.02665 0.0177 0.0090 1292.45 
0053 0.0303 0.02135 0.0090 608.6 
0191 0.03125 0.02225 0.0090 272.94 
0001 0.031 0.0219 0.0091 613.43 
0184 0.0286 0.01955 0.0091 651.19 
0342 0.03065 0.0216 0.0091 664.78 
0034 0.0312 0.02205 0.0092 500.99 
0012 0.0327 0.02335 0.0094 1318.63 
0190 0.0312 0.02185 0.0094 6331.26 
0246 0.0293 0.01965 0.0097 315.64 
0159 0.0296 0.01975 0.0099 645.53 
0475 0.02755 0.01755 0.0100 1270.29 
0458 0.0305 0.02035 0.0102 341.46 
0486 0.03235 0.0222 0.0102 2069.12 
0437 0.02535 0.01505 0.0103 995.01 
0355 0.03425 0.02365 0.0106 640.29 
0099 0.03235 0.02165 0.0107 2417.78 
0219 0.0362 0.0255 0.0107 648.96 
0368 0.0373 0.02645 0.0108 408.76 
0155 0.0292 0.01835 0.0109 577.23 
0132 0.02915 0.01805 0.0111 91.87 
0415 0.0344 0.02335 0.0111 175.86 
0097 0.0331 0.02185 0.0113 1354.73 
0019 0.03305 0.02165 0.0114 1147.69 
0068 0.0348 0.0234 0.0114 1132.68 
0245 0.03105 0.0196 0.0115 603.07 
0241 0.03205 0.0203 0.0118 1287.16 
0232 0.035 0.0231 0.0119 1493.2 
0278 0.0324 0.0205 0.0119 1303.01 
0126 0.0321 0.02015 0.0120 156.31 
0212 0.03635 0.0241 0.0123 1014.53 
0319 0.0325 0.02025 0.0123 1193.99 
0441 0.0317 0.0194 0.0123 2231.43 
0259 0.0377 0.0253 0.0124 691.8 
0198 0.0346 0.022 0.0126 793.77 
0307 0.03675 0.02385 0.0129 535.65 
0388 0.03305 0.02015 0.0129 1308.29 
0170 0.02925 0.0163 0.0130 624.1 
0452 0.04035 0.0273 0.0130 1336.58 
0041 0.04135 0.02825 0.0131 1136.31 
0161 0.0345 0.0214 0.0131 565.27 
0340 0.0353 0.022 0.0133 4654.96 
0220 0.03 0.0166 0.0134 692.49 
0466 0.03815 0.0247 0.0134 4326.69 
0060 0.0354 0.0218 0.0136 2296.34 
0149 0.0343 0.0207 0.0136 503.13 
0484 0.0422 0.02855 0.0136 554.54 
0488 0.03525 0.02165 0.0136 2149.89 
0108 0.03325 0.0196 0.0137 172.01 
0211 0.0356 0.02185 0.0138 2419.22 
0252 0.0398 0.0258 0.0140 4406.74 
0487 0.03465 0.02065 0.0140 347.29 
0033 0.03865 0.0244 0.0142 300.25 
0162 0.0318 0.01765 0.0142 633.26 
0171 0.03815 0.02395 0.0142 9465.67 
0253 0.04305 0.02885 0.0142 1326.72 
0412 0.0379 0.0237 0.0142 4981.37 
0030 0.03385 0.01955 0.0143 2315.53 
0399 0.0368 0.02235 0.0145 5093.44 
0407 0.035 0.02055 0.0145 740.74 
0011 0.0367 0.02195 0.0147 207.88 
0497 0.0371 0.02245 0.0147 5057.88 
0168 0.0428 0.0276 0.0152 318.07 
0049 0.0363 0.0209 0.0154 477.98 
0055 0.03745 0.02185 0.0156 9818.27 
0130 0.0373 0.0214 0.0159 46.34 
0366 0.0369 0.021 0.0159 1391.07 
0434 0.0372 0.0212 0.0160 1268.1 
0085 0.037 0.0209 0.0161 2609.94 
0417 0.0415 0.02535 0.0161 1152.04 
0216 0.0371 0.02085 0.0163 680.82 
0489 0.0422 0.0258 0.0164 91.1 
0134 0.03755 0.021 0.0166 729.13 
0089 0.0394 0.0227 0.0167 1237.75 
0302 0.0391 0.0224 0.0167 630.28 
0023 0.04465 0.0275 0.0171 5712.06 
0379 0.0453 0.02775 0.0175 816.92 
0079 0.03855 0.02095 0.0176 1248.7 
0167 0.04 0.0222 0.0178 4318.72 
0491 0.0396 0.02185 0.0178 224.09 
0318 0.0366 0.01875 0.0179 1277.11 
0106 0.0355 0.0175 0.0180 8119.28 
0430 0.03705 0.0191 0.0180 1127.34 
0315 0.03905 0.02065 0.0184 2341.53 
0024 0.04445 0.02595 0.0185 359.77 
0261 0.0443 0.0258 0.0185 1302.58 
0363 0.0394 0.02055 0.0188 1197.49 
0400 0.0399 0.0209 0.0190 5437.04 
0194 0.038 0.01875 0.0193 2730.43 
0189 0.03815 0.0187 0.0195 189.7 
0295 0.0404 0.0208 0.0196 4062.68 
0485 0.0386 0.01885 0.0198 625.29 
0213 0.0395 0.01965 0.0199 686.92 
0175 0.03825 0.01805 0.0202 356.01 
0436 0.0399 0.01945 0.0205 704.77 
0133 0.0425 0.02185 0.0207 1305.06 
0152 0.04535 0.02415 0.0212 3804.88 
0029 0.04395 0.02265 0.0213 855.9 
0296 0.0448 0.02345 0.0214 708.36 
0493 0.0418 0.0204 0.0214 562.98 
0276 0.04545 0.0239 0.0216 461.9 
0200 0.0428 0.0207 0.0221 1493.48 
0028 0.04675 0.0245 0.0223 1565.54 
0445 0.0478 0.0254 0.0224 1301.08 
0143 0.04395 0.0212 0.0228 766.09 
0221 0.0434 0.0203 0.0231 1169.35 
0057 0.04945 0.0263 0.0232 772.62 
0182 0.0472 0.0239 0.0233 1992.09 
0337 0.0471 0.0238 0.0233 4996.35 
0419 0.04555 0.02195 0.0236 1397.69 
0052 0.04765 0.02395 0.0237 1206.23 
0231 0.03995 0.0162 0.0238 2795.49 
0494 0.04415 0.02035 0.0238 4008.98 
0442 0.04455 0.0207 0.0239 199.85 
0471 0.046 0.02195 0.0241 362.43 
0222 0.0458 0.0216 0.0242 2602.57 
0250 0.0461 0.0219 0.0242 1211.46 
0403 0.04585 0.02165 0.0242 1415.57 
0197 0.04515 0.0208 0.0244 487.03 
0242 0.0475 0.02305 0.0245 71.08 
0172 0.0469 0.02225 0.0247 587.41 
0160 0.04595 0.0212 0.0248 4248.61 
0377 0.04665 0.0219 0.0248 2866.3 
0207 0.04825 0.0234 0.0249 1009.48 
0040 0.04725 0.0223 0.0250 332.81 
0003 0.0483 0.0231 0.0252 9126.59 
0206 0.05185 0.02665 0.0252 852.76 
0411 0.05275 0.0276 0.0252 1422.45 
0468 0.04655 0.0209 0.0257 4716.99 
0316 0.04515 0.01925 0.0259 807.58 
0251 0.0486 0.02255 0.0261 369.68 
0320 0.05265 0.02625 0.0264 220.75 
0384 0.0495 0.0231 0.0264 730.85 
0150 0.04175 0.0152 0.0266 2344.27 
0048 0.05 0.02315 0.0269 768.41 
0115 0.049 0.0212 0.0278 634.65 
0285 0.04885 0.0211 0.0278 1372.6 
0460 0.0532 0.02545 0.0278 455.31 
0332 0.0458 0.0177 0.0281 7787.91 
0352 0.0497 0.02155 0.0282 1055.12 
0449 0.0546 0.0262 0.0284 462.64 
0244 0.05285 0.02425 0.0286 2316.15 
0180 0.0517 0.0229 0.0288 580.94 
0473 0.0522 0.0226 0.0296 3947.53 
0376 0.05415 0.0245 0.0297 2298.8 
0069 0.0527 0.02285 0.0299 1177.51 
0279 0.0577 0.0277 0.0300 457.52 
0462 0.049 0.0188 0.0302 4127.81 
0176 0.05665 0.02615 0.0305 2208.17 
0081 0.05345 0.02275 0.0307 271.39 
0026 0.05565 0.0247 0.0310 1344.56 
0386 0.05165 0.0207 0.0310 1854.93 
0479 0.0513 0.02015 0.0312 2770.9 
0480 0.05615 0.02485 0.0313 280.38 
0272 0.05075 0.01925 0.0315 1306.81 
0281 0.0555 0.0239 0.0316 780.12 
0169 0.05405 0.0223 0.0318 1361.47 
0309 0.05885 0.02695 0.0319 2446.39 
0339 0.0545 0.0226 0.0319 1419.87 
0297 0.05215 0.02005 0.0321 718.96 
0361 0.0527 0.0206 0.0321 930.9 
0075 0.0543 0.0221 0.0322 670.14 
0282 0.0528 0.02065 0.0322 2059.17 
0004 0.0539 0.0215 0.0324 4360.01 
0064 0.0536 0.0211 0.0325 4431.47 
0350 0.05475 0.0222 0.0326 2660.02 
0137 0.05595 0.0231 0.0329 1676.59 
0117 0.05575 0.0227 0.0331 1354.79 
0164 0.0593 0.02555 0.0337 1048.4 
0423 0.0545 0.0206 0.0339 2705.01 
0483 0.05565 0.0215 0.0342 840.44 
0017 0.05205 0.0177 0.0344 2153.2 
0224 0.054 0.01965 0.0344 4544.68 
0308 0.0552 0.02085 0.0344 437.17 
0424 0.05495 0.02055 0.0344 2453.39 
0439 0.06315 0.02765 0.0355 4093.36 
0128 0.0607 0.0251 0.0356 2312.36 
0341 0.056 0.02015 0.0359 7683.89 
0237 0.05655 0.0206 0.0360 336.22 
0013 0.0604 0.0242 0.0362 1888.54 
0193 0.0629 0.026 0.0369 1125.94 
0326 0.0598 0.02275 0.0370 640.11 
0370 0.06 0.023 0.0370 2352.06 
0496 0.0647 0.02765 0.0370 2048.45 
0138 0.05905 0.02165 0.0374 2773.31 
0270 0.06365 0.0262 0.0374 4387.45 
0142 0.0602 0.0227 0.0375 1296.98 
0329 0.0578 0.0202 0.0376 346.93 
0205 0.061 0.02325 0.0378 605.84 
0192 0.06065 0.02265 0.0380 1325.53 
0271 0.05695 0.0187 0.0383 7866.16 
0067 0.06495 0.02635 0.0386 3569.07 
0448 0.05995 0.02085 0.0391 5348.24 
0124 0.06125 0.0217 0.0396 1057.19 
0091 0.0613 0.02145 0.0398 1234.86 
0414 0.06345 0.0234 0.0400 28800 
0043 0.0642 0.02415 0.0401 1917.89 
0005 0.06275 0.02245 0.0403 2743.66 
0010 0.0676 0.02665 0.0409 83.46 
0435 0.05915 0.01775 0.0414 390.12 
0014 0.06315 0.0216 0.0415 588.05 
0306 0.0657 0.0242 0.0415 28800 
0234 0.0672 0.02505 0.0421 163.17 
0288 0.0671 0.02355 0.0435 2896.15 
0378 0.0692 0.02565 0.0435 474.29 
0063 0.07295 0.02915 0.0438 387.92 
0236 0.0632 0.0193 0.0439 3556.54 
0469 0.0688 0.02465 0.0441 1528.83 
0226 0.06595 0.02135 0.0446 442.61 
0418 0.06835 0.0237 0.0446 747.92 
0044 0.0668 0.02185 0.0449 1221.93 
0454 0.0655 0.01935 0.0461 2186.04 
0365 0.06815 0.0213 0.0469 720.84 
0229 0.0682 0.02115 0.0471 13373.41 
0166 0.0661 0.0189 0.0472 5212.05 
0177 0.0702 0.02265 0.0475 1212.48 
0425 0.07185 0.02435 0.0475 4652.96 
0461 0.0672 0.0196 0.0476 1305.62 
0078 0.0743 0.02555 0.0487 4260.5 
0427 0.07 0.0208 0.0492 2552.34 
0157 0.07415 0.0247 0.0494 1359.07 
0359 0.06895 0.01945 0.0495 416.74 
0127 0.0706 0.0206 0.0500 636.86 
0000 0.06995 0.0199 0.0501 2149.06 
0181 0.0683 0.01815 0.0502 663.1 
0357 0.073 0.0225 0.0505 337.25 
0144 0.0697 0.019 0.0507 5320.62 
0107 0.0764 0.02535 0.0510 1110.42 
0390 0.07515 0.02375 0.0514 2658.05 
0225 0.07305 0.0215 0.0515 1604.11 
0397 0.0766 0.0251 0.0515 1581.97 
0338 0.0767 0.0249 0.0518 2297.56 
0459 0.0727 0.0202 0.0525 4963.48 
0455 0.07925 0.0263 0.0529 3491.34 
0084 0.0747 0.02125 0.0534 4031.18 
0196 0.0741 0.0207 0.0534 1980.12 
0263 0.07715 0.023 0.0541 698.43 
0267 0.07635 0.0222 0.0541 1034.59 
0274 0.07495 0.02025 0.0547 496.51 
0383 0.07595 0.0209 0.0550 942.6 
0443 0.0813 0.02555 0.0557 7992.34 
0210 0.08165 0.02565 0.0560 1336.86 
0195 0.0776 0.02005 0.0575 827.34 
0482 0.0838 0.02615 0.0576 1494.01 
0147 0.08045 0.0227 0.0577 5076.89 
0277 0.07975 0.0212 0.0586 2674.13 
0061 0.0816 0.02255 0.0590 1406.11 
0293 0.08015 0.02115 0.0590 1283.52 
0275 0.07975 0.02065 0.0591 784.29 
0438 0.0825 0.0228 0.0597 1529.06 
0347 0.08255 0.0222 0.0603 7220.4 
0335 0.0839 0.02325 0.0606 586.59 
0358 0.0847 0.0241 0.0606 1459.44 
0092 0.0835 0.02245 0.0610 1885.15 
0286 0.07775 0.01555 0.0622 735.91 
0235 0.0844 0.02195 0.0624 5173.28 
0074 0.0884 0.02575 0.0626 3722.46 
0103 0.0834 0.0201 0.0633 613.74 
0199 0.0878 0.0245 0.0633 1170.59 
0090 0.0875 0.024 0.0635 1167.03 
0409 0.08995 0.02565 0.0643 1444.13 
0187 0.08545 0.02075 0.0647 1314.1 
0154 0.08935 0.02365 0.0657 1121.32 
0395 0.0913 0.02555 0.0658 2861.39 
0102 0.0891 0.0227 0.0664 5021.41 
0151 0.0867 0.0203 0.0664 2067.05 
0298 0.08545 0.01895 0.0665 1309.77 
0238 0.0889 0.02165 0.0673 7503.87 
0477 0.0863 0.01865 0.0677 1019.49 
0185 0.09435 0.0246 0.0697 663.21 
0303 0.09705 0.0264 0.0706 3059.94 
0474 0.09035 0.01945 0.0709 184.22 
0463 0.0955 0.0242 0.0713 1200.51 
0120 0.09245 0.021 0.0715 2461.94 
0204 0.09335 0.0192 0.0742 1142.48 
0020 0.09875 0.02195 0.0768 5819.81 
0114 0.1037 0.02675 0.0770 349.85 
0391 0.0996 0.0207 0.0789 5439.92 
0499 0.1027 0.02275 0.0800 2553.98 
0178 0.1046 0.02445 0.0801 3984.08 
0333 0.10535 0.02435 0.0810 1243.91 
0036 0.1029 0.0212 0.0817 1045.96 
0385 0.1029 0.02095 0.0820 1381.21 
0032 0.1013 0.01875 0.0826 4733.46 
0369 0.1064 0.02225 0.0842 7713.62 
0247 0.10785 0.0218 0.0861 1895.2 
0208 0.10675 0.02045 0.0863 2043.49 
0015 0.11015 0.02135 0.0888 489.87 
0038 0.11665 0.0202 0.0965 2447.79 
0223 0.11845 0.02195 0.0965 7327.85 
0248 0.1226 0.0244 0.0982 397.96 
0098 0.1254 0.0263 0.0991 2237.27 
0289 0.1209 0.02125 0.0997 826.52 
0255 0.12625 0.02155 0.1047 4846.17 
0301 0.1251 0.0194 0.1057 2404.27 
0059 0.12765 0.02015 0.1075 2375.36 
0364 0.1368 0.0232 0.1136 2111.05 
0112 0.13795 0.0221 0.1158 7739.53 
0310 0.13925 0.0196 0.1196 722.63 
0158 0.14325 0.02355 0.1197 672.54 
0214 0.1444 0.0245 0.1199 1146.63 
0323 0.14605 0.0214 0.1246 4583.88 
0382 0.1489 0.0224 0.1265 1823.52 
0428 0.164 0.02685 0.1371 1256.88 
0495 0.16245 0.0249 0.1375 7573.88 
0022 0.16025 0.02175 0.1385 5289.8 
0249 0.1836 0.02775 0.1558 4677.09 
0042 0.1883 0.02295 0.1653 8232.75 
0394 0.19865 0.0185 0.1801 17972.31 
0070 0.227 0.02005 0.2070 111.39 
0292 0.255 0.02665 0.2283 795.75 
0312 0.4185 0.02245 0.3960 14837.24 
0145 0.66705 0.0233 0.6437 2353.8
