0425 0.00635 0.02945 -0.0231 381.13 
0374 0.0079 0.03085 -0.0230 666.95 
0243 0.0043 0.0255 -0.0212 4687.08 
0421 0.00685 0.0276 -0.0208 2629.45 
0352 0.00345 0.0241 -0.0207 738.15 
0357 0.0049 0.02525 -0.0204 223.1 
0207 0.00375 0.02395 -0.0202 1356.01 
0391 0.0057 0.0258 -0.0201 189.95 
0291 0.0064 0.02635 -0.0200 1359.06 
0268 0.0058 0.02565 -0.0199 783.67 
0108 0.00785 0.0272 -0.0194 1379.58 
0385 0.0048 0.0242 -0.0194 28800 
0110 0.00685 0.02615 -0.0193 163.31 
0285 0.00635 0.0254 -0.0191 423.72 
0030 0.0046 0.02335 -0.0188 657.72 
0116 0.00455 0.0231 -0.0186 9794.7 
0476 0.00635 0.0247 -0.0184 654.05 
0241 0.0047 0.0228 -0.0181 228.31 
0196 0.0112 0.0291 -0.0179 2430.95 
0282 0.00605 0.0239 -0.0179 434.6 
0153 0.00475 0.0225 -0.0178 190.13 
0177 0.0115 0.02915 -0.0177 1299.02 
0362 0.0069 0.02455 -0.0177 710.99 
0200 0.0058 0.0234 -0.0176 1290.6 
0317 0.0056 0.02315 -0.0176 353.66 
0089 0.00865 0.026 -0.0174 429.11 
0067 0.00515 0.0224 -0.0173 1550.87 
0141 0.00355 0.0208 -0.0173 274.84 
0062 0.00635 0.0234 -0.0171 699.5 
0387 0.0042 0.0213 -0.0171 1464.19 
0477 0.00615 0.02325 -0.0171 1418.87 
0332 0.00585 0.02285 -0.0170 2986.13 
0195 0.00555 0.02235 -0.0168 2374.96 
0471 0.0073 0.024 -0.0167 297.8 
0478 0.00685 0.0234 -0.0166 367.36 
0398 0.00685 0.02325 -0.0164 4166.96 
0185 0.01105 0.02715 -0.0161 2513.85 
0293 0.00585 0.0218 -0.0160 347.63 
0209 0.01205 0.0278 -0.0158 5302.09 
0078 0.0075 0.02315 -0.0157 330.41 
0136 0.00595 0.02165 -0.0157 719.07 
0069 0.01 0.02555 -0.0156 1466.36 
0365 0.00775 0.02325 -0.0155 1443.5 
0168 0.00705 0.02245 -0.0154 512.22 
0295 0.0054 0.0207 -0.0153 774.22 
0214 0.00675 0.0219 -0.0152 175.99 
0360 0.00555 0.02055 -0.0150 86.72 
0382 0.01355 0.02855 -0.0150 8053.11 
0061 0.00785 0.0227 -0.0149 395.68 
0169 0.009 0.0239 -0.0149 689.0 
0297 0.0086 0.02335 -0.0148 391.12 
0130 0.00885 0.0234 -0.0146 1244.19 
0191 0.0097 0.0243 -0.0146 5611.97 
0193 0.01005 0.02465 -0.0146 389.01 
0217 0.0112 0.0257 -0.0145 313.68 
0364 0.0065 0.02095 -0.0145 360.55 
0226 0.01005 0.02445 -0.0144 478.0 
0239 0.011 0.02535 -0.0144 1366.61 
0046 0.00955 0.02385 -0.0143 1371.92 
0210 0.00785 0.02215 -0.0143 167.01 
0345 0.0076 0.0219 -0.0143 2680.25 
0259 0.00955 0.02375 -0.0142 1818.57 
0415 0.00895 0.02315 -0.0142 4969.54 
0074 0.0086 0.02265 -0.0141 201.03 
0132 0.00765 0.02175 -0.0141 5851.59 
0189 0.00915 0.02325 -0.0141 713.04 
0319 0.00685 0.02085 -0.0140 420.77 
0031 0.00965 0.02355 -0.0139 1367.03 
0106 0.0065 0.02035 -0.0139 1188.48 
0219 0.00445 0.01835 -0.0139 324.82 
0117 0.0063 0.02005 -0.0138 1465.94 
0328 0.0103 0.02405 -0.0138 389.39 
0439 0.0112 0.025 -0.0138 598.33 
0269 0.0107 0.02435 -0.0137 654.92 
0466 0.00665 0.02035 -0.0137 420.51 
0003 0.0115 0.0251 -0.0136 1392.92 
0042 0.0128 0.0264 -0.0136 225.31 
0119 0.01495 0.02855 -0.0136 1366.09 
0124 0.0109 0.0245 -0.0136 487.83 
0142 0.0083 0.02185 -0.0136 206.84 
0371 0.0102 0.02375 -0.0136 5311.03 
0230 0.0103 0.0238 -0.0135 235.97 
0056 0.0067 0.01995 -0.0132 322.17 
0063 0.0076 0.02075 -0.0132 789.35 
0485 0.00775 0.02095 -0.0132 656.89 
0208 0.00885 0.02195 -0.0131 2734.18 
0346 0.00755 0.02065 -0.0131 1475.73 
0252 0.01205 0.025 -0.0130 214.59 
0461 0.0097 0.0227 -0.0130 737.22 
0467 0.00505 0.0181 -0.0130 5278.26 
0079 0.0073 0.0202 -0.0129 10386.27 
0165 0.0078 0.02075 -0.0129 183.76 
0206 0.00715 0.0199 -0.0128 374.94 
0055 0.01585 0.02855 -0.0127 4426.42 
0114 0.012 0.02465 -0.0127 1336.41 
0049 0.0111 0.0237 -0.0126 162.45 
0401 0.01225 0.02475 -0.0125 1230.36 
0065 0.0094 0.02175 -0.0124 193.73 
0272 0.00995 0.02235 -0.0124 679.94 
0424 0.01395 0.02635 -0.0124 1583.18 
0468 0.01095 0.0233 -0.0124 1412.58 
0431 0.0079 0.02015 -0.0123 1885.78 
0198 0.0139 0.026 -0.0121 774.64 
0428 0.01455 0.02665 -0.0121 741.79 
0158 0.01085 0.0228 -0.0120 666.52 
0445 0.01255 0.02455 -0.0120 113.87 
0244 0.00695 0.01885 -0.0119 200.84 
0423 0.01085 0.02275 -0.0119 770.51 
0001 0.013 0.02475 -0.0118 5338.25 
0499 0.0123 0.02405 -0.0118 1307.07 
0261 0.0091 0.0208 -0.0117 1247.92 
0018 0.0134 0.025 -0.0116 881.26 
0463 0.01105 0.02265 -0.0116 1605.45 
0325 0.01245 0.02395 -0.0115 1346.3 
0060 0.01405 0.02545 -0.0114 786.77 
0270 0.00915 0.0205 -0.0114 2630.07 
0017 0.0109 0.0222 -0.0113 2082.09 
0101 0.00855 0.0197 -0.0112 361.68 
0029 0.009 0.01985 -0.0109 901.18 
0037 0.01405 0.0249 -0.0109 185.05 
0183 0.00965 0.0204 -0.0108 1214.27 
0218 0.0111 0.0219 -0.0108 350.56 
0260 0.0118 0.0225 -0.0107 201.12 
0149 0.0108 0.02135 -0.0106 1433.94 
0266 0.01265 0.0232 -0.0106 2517.04 
0273 0.00955 0.02015 -0.0106 3222.64 
0180 0.01135 0.02185 -0.0105 2308.42 
0444 0.0126 0.0229 -0.0103 741.01 
0350 0.01055 0.0207 -0.0102 7585.18 
0043 0.01275 0.0228 -0.0101 781.31 
0172 0.00885 0.0189 -0.0101 598.92 
0470 0.00915 0.01925 -0.0101 380.68 
0211 0.0148 0.02475 -0.0100 2495.16 
0047 0.0082 0.01805 -0.0099 89.27 
0240 0.0099 0.0198 -0.0099 666.18 
0082 0.0071 0.0169 -0.0098 2482.39 
0163 0.0163 0.0261 -0.0098 180.66 
0173 0.01285 0.0226 -0.0098 2772.85 
0386 0.00965 0.0194 -0.0098 160.94 
0486 0.01545 0.02525 -0.0098 706.82 
0190 0.0137 0.0232 -0.0095 2293.64 
0024 0.0072 0.0166 -0.0094 106.58 
0236 0.0141 0.0235 -0.0094 2824.46 
0417 0.0159 0.0253 -0.0094 1354.85 
0494 0.01125 0.02065 -0.0094 2568.09 
0199 0.01175 0.021 -0.0093 102.84 
0251 0.01275 0.02205 -0.0093 1223.04 
0475 0.0122 0.0215 -0.0093 1172.61 
0231 0.01335 0.02255 -0.0092 823.31 
0333 0.01465 0.02385 -0.0092 9991.82 
0355 0.01935 0.0285 -0.0092 1435.94 
0472 0.0129 0.0221 -0.0092 451.43 
0489 0.0144 0.02355 -0.0092 160.53 
0299 0.0119 0.021 -0.0091 374.85 
0221 0.01525 0.02425 -0.0090 713.3 
0072 0.01045 0.01935 -0.0089 447.14 
0121 0.00855 0.0174 -0.0089 658.81 
0320 0.01305 0.0219 -0.0089 2522.81 
0096 0.01105 0.0198 -0.0088 2585.71 
0170 0.01315 0.0219 -0.0088 48.66 
0187 0.01125 0.0197 -0.0084 726.32 
0205 0.01205 0.0205 -0.0084 715.66 
0054 0.0134 0.02165 -0.0083 621.6 
0105 0.0181 0.0262 -0.0081 1779.92 
0126 0.0149 0.023 -0.0081 1376.26 
0080 0.01475 0.02275 -0.0080 1353.26 
0098 0.0125 0.0205 -0.0080 47.89 
0100 0.02035 0.0283 -0.0080 339.74 
0129 0.01275 0.0207 -0.0079 1277.28 
0344 0.01415 0.0221 -0.0079 470.67 
0450 0.01345 0.02135 -0.0079 1524.32 
0081 0.0167 0.02445 -0.0077 2423.58 
0287 0.01 0.01755 -0.0076 1198.69 
0363 0.01855 0.02615 -0.0076 2727.95 
0068 0.0113 0.01875 -0.0075 1175.17 
0085 0.0169 0.02435 -0.0075 1850.78 
0131 0.0191 0.0266 -0.0075 767.55 
0204 0.01555 0.0231 -0.0075 2358.4 
0099 0.01455 0.02195 -0.0074 11242.24 
0271 0.018 0.02535 -0.0074 1249.47 
0348 0.0181 0.0255 -0.0074 661.7 
0390 0.0129 0.0203 -0.0074 682.88 
0323 0.0137 0.021 -0.0073 195.33 
0338 0.01215 0.01945 -0.0073 2714.82 
0413 0.01025 0.0176 -0.0073 1557.4 
0447 0.0125 0.01975 -0.0073 418.23 
0009 0.01285 0.0201 -0.0072 2743.27 
0229 0.0141 0.0212 -0.0071 2131.51 
0406 0.01625 0.02335 -0.0071 2062.63 
0329 0.0161 0.02315 -0.0070 2883.08 
0010 0.01535 0.0223 -0.0069 1201.31 
0322 0.00845 0.0153 -0.0069 15765.37 
0178 0.0111 0.0178 -0.0067 6208.56 
0201 0.0154 0.02215 -0.0067 1456.03 
0286 0.01225 0.019 -0.0067 340.92 
0308 0.0209 0.02755 -0.0067 1255.3 
0361 0.01495 0.0217 -0.0067 811.23 
0005 0.01375 0.0203 -0.0066 168.34 
0181 0.0106 0.01715 -0.0066 201.56 
0492 0.0157 0.0221 -0.0064 2867.07 
0379 0.0117 0.018 -0.0063 1307.9 
0397 0.0174 0.02365 -0.0063 4837.26 
0022 0.016 0.0222 -0.0062 799.94 
0162 0.01645 0.0227 -0.0062 357.54 
0403 0.0208 0.02695 -0.0062 5502.65 
0474 0.0159 0.02215 -0.0062 1356.1 
0091 0.0116 0.0177 -0.0061 1354.74 
0227 0.01815 0.0241 -0.0060 2394.54 
0460 0.0142 0.0202 -0.0060 808.07 
0452 0.0163 0.0222 -0.0059 1402.06 
0279 0.0178 0.02335 -0.0056 851.77 
0238 0.01735 0.02285 -0.0055 1187.59 
0416 0.0151 0.02055 -0.0054 2810.36 
0495 0.01485 0.02025 -0.0054 357.26 
0213 0.0153 0.02055 -0.0053 1463.48 
0276 0.01635 0.0217 -0.0053 4722.05 
0288 0.0176 0.02275 -0.0052 726.11 
0128 0.0181 0.0232 -0.0051 2308.49 
0384 0.01725 0.0223 -0.0051 1679.27 
0414 0.0207 0.02575 -0.0051 11299.26 
0465 0.0147 0.01985 -0.0051 206.34 
0040 0.0177 0.0225 -0.0048 1322.43 
0339 0.0201 0.02485 -0.0048 2551.1 
0174 0.01765 0.0223 -0.0047 2827.77 
0443 0.01795 0.0226 -0.0047 4272.96 
0133 0.0115 0.016 -0.0045 97.93 
0151 0.0157 0.0202 -0.0045 739.87 
0256 0.01585 0.0204 -0.0045 1420.47 
0407 0.0122 0.0166 -0.0044 5044.03 
0083 0.0147 0.01905 -0.0043 2548.55 
0469 0.0133 0.0176 -0.0043 1315.83 
0094 0.01765 0.0218 -0.0042 460.73 
0234 0.0154 0.0196 -0.0042 224.3 
0216 0.0193 0.0234 -0.0041 2690.53 
0336 0.0219 0.02595 -0.0041 385.6 
0366 0.01595 0.02005 -0.0041 748.36 
0051 0.01435 0.01835 -0.0040 3119.32 
0228 0.01595 0.02 -0.0040 365.23 
0027 0.01925 0.02305 -0.0038 677.05 
0104 0.01655 0.02035 -0.0038 2987.07 
0118 0.0155 0.0193 -0.0038 405.55 
0150 0.01665 0.02025 -0.0036 781.47 
0026 0.01695 0.0205 -0.0035 751.74 
0335 0.0198 0.02325 -0.0035 205.11 
0034 0.0206 0.024 -0.0034 98.74 
0194 0.017 0.02045 -0.0034 322.81 
0257 0.0217 0.02505 -0.0034 167.63 
0135 0.0175 0.0208 -0.0033 792.03 
0171 0.01615 0.01935 -0.0032 2687.71 
0359 0.01775 0.0209 -0.0032 483.57 
0184 0.0244 0.0275 -0.0031 741.85 
0440 0.01875 0.0218 -0.0031 1221.04 
0075 0.01855 0.0215 -0.0030 361.11 
0377 0.02 0.02285 -0.0029 686.75 
0289 0.018 0.02085 -0.0028 325.27 
0175 0.018 0.0207 -0.0027 1364.89 
0188 0.0158 0.0184 -0.0026 389.15 
0310 0.0189 0.02135 -0.0025 664.99 
0498 0.023 0.0255 -0.0025 286.35 
0045 0.0211 0.0235 -0.0024 418.68 
0058 0.01505 0.0175 -0.0024 216.75 
0123 0.02195 0.02435 -0.0024 2789.73 
0146 0.0227 0.02495 -0.0023 122.69 
0203 0.017 0.0192 -0.0022 1422.4 
0025 0.01935 0.0214 -0.0021 1279.45 
0290 0.0143 0.01635 -0.0020 415.04 
0307 0.02025 0.02225 -0.0020 3099.38 
0482 0.0196 0.0216 -0.0020 796.14 
0160 0.01775 0.01965 -0.0019 245.54 
0302 0.0225 0.0244 -0.0019 9086.77 
0103 0.0218 0.0236 -0.0018 563.32 
0036 0.0205 0.0222 -0.0017 272.51 
0057 0.02125 0.02295 -0.0017 1200.17 
0092 0.02545 0.027 -0.0016 1455.28 
0340 0.01505 0.01665 -0.0016 2378.78 
0367 0.01825 0.0199 -0.0016 3058.1 
0442 0.0178 0.0194 -0.0016 351.09 
0159 0.01765 0.01915 -0.0015 362.43 
0408 0.0206 0.02205 -0.0015 1368.49 
0066 0.01975 0.021 -0.0013 1583.93 
0349 0.0259 0.0272 -0.0013 357.76 
0109 0.02375 0.0249 -0.0012 519.52 
0015 0.0198 0.0204 -0.0006 791.51 
0262 0.0203 0.0208 -0.0005 1306.51 
0053 0.01675 0.0172 -0.0004 675.08 
0337 0.0208 0.021 -0.0002 1334.9 
0449 0.02015 0.0203 -0.0002 748.36 
0481 0.0242 0.02425 -0.0001 2793.17 
0372 0.0223 0.02235 -0.0000 819.17 
0048 0.01835 0.01815 0.0002 688.24 
0212 0.02645 0.0263 0.0002 1551.46 
0435 0.0259 0.0257 0.0002 3219.56 
0147 0.02295 0.0226 0.0003 5313.03 
0157 0.02375 0.0235 0.0003 1704.12 
0281 0.02255 0.02215 0.0004 128.35 
0115 0.01975 0.01925 0.0005 203.16 
0182 0.01725 0.01675 0.0005 1232.42 
0274 0.02205 0.02155 0.0005 664.55 
0316 0.0241 0.02355 0.0005 98.05 
0419 0.0217 0.02115 0.0005 366.15 
0376 0.02385 0.02315 0.0007 6382.9 
0430 0.02415 0.0235 0.0007 120.63 
0097 0.0251 0.0243 0.0008 5108.23 
0255 0.01985 0.0191 0.0008 5318.08 
0327 0.0255 0.0247 0.0008 1324.57 
0453 0.0215 0.0207 0.0008 2673.31 
0404 0.02295 0.022 0.0009 1212.19 
0441 0.01815 0.01715 0.0010 692.29 
0479 0.02375 0.02275 0.0010 2310.85 
0396 0.02325 0.0222 0.0011 1525.03 
0186 0.0246 0.0234 0.0012 1233.48 
0179 0.0239 0.02265 0.0013 730.03 
0426 0.026 0.0247 0.0013 928.98 
0071 0.01915 0.01775 0.0014 1285.47 
0140 0.02245 0.021 0.0014 1553.9 
0267 0.02135 0.01975 0.0016 398.08 
0351 0.02455 0.02285 0.0017 1325.68 
0309 0.021 0.01925 0.0018 331.05 
0375 0.0242 0.02245 0.0018 2614.97 
0095 0.02005 0.0182 0.0019 778.65 
0237 0.0249 0.0228 0.0021 363.56 
0464 0.0224 0.0203 0.0021 1692.84 
0032 0.0213 0.019 0.0023 362.47 
0070 0.023 0.0207 0.0023 5287.59 
0437 0.0257 0.02335 0.0024 2680.06 
0324 0.02705 0.02455 0.0025 1354.83 
0389 0.02415 0.0216 0.0026 1185.63 
0490 0.0257 0.0231 0.0026 1191.68 
0006 0.02435 0.0217 0.0027 309.7 
0245 0.02385 0.0211 0.0028 1527.2 
0369 0.0226 0.0194 0.0032 692.49 
0012 0.02785 0.02455 0.0033 880.44 
0111 0.0254 0.022 0.0034 5120.67 
0222 0.0208 0.01735 0.0034 5228.24 
0077 0.0265 0.023 0.0035 764.3 
0254 0.0238 0.0203 0.0035 398.05 
0280 0.0249 0.02135 0.0036 1399.7 
0084 0.0252 0.02155 0.0037 775.47 
0410 0.0251 0.02145 0.0037 2430.78 
0456 0.02015 0.0164 0.0037 665.7 
0284 0.02355 0.0198 0.0038 1277.78 
0314 0.02495 0.02095 0.0040 1217.62 
0436 0.0248 0.0206 0.0042 2927.51 
0155 0.02825 0.02375 0.0045 881.13 
0334 0.0323 0.0278 0.0045 1493.46 
0038 0.02695 0.02225 0.0047 3968.36 
0143 0.0227 0.0176 0.0051 111.53 
0457 0.031 0.0257 0.0053 1670.03 
0275 0.02835 0.023 0.0054 855.14 
0418 0.02415 0.0188 0.0054 2354.67 
0161 0.02855 0.0229 0.0057 706.86 
0380 0.0285 0.0228 0.0057 9179.75 
0215 0.0241 0.01835 0.0058 311.01 
0321 0.0264 0.0205 0.0059 1714.76 
0232 0.0249 0.01895 0.0060 2810.84 
0033 0.02655 0.0205 0.0061 2151.52 
0035 0.02835 0.02225 0.0061 1277.41 
0493 0.02925 0.0232 0.0061 18768.37 
0420 0.0262 0.02005 0.0062 18513.11 
0303 0.0261 0.0197 0.0064 355.74 
0458 0.02815 0.02165 0.0065 1529.99 
0008 0.02265 0.01605 0.0066 393.26 
0176 0.0258 0.01905 0.0068 1319.32 
0225 0.0236 0.0167 0.0069 425.08 
0125 0.02395 0.01685 0.0071 313.93 
0300 0.0323 0.0252 0.0071 2627.64 
0014 0.02385 0.0166 0.0072 612.31 
0246 0.03285 0.02565 0.0072 1577.14 
0156 0.02755 0.0202 0.0074 2929.44 
0393 0.0299 0.0223 0.0076 629.82 
0145 0.02945 0.0215 0.0080 692.93 
0248 0.0287 0.02075 0.0080 921.62 
0358 0.0273 0.01935 0.0080 15229.23 
0459 0.02155 0.0136 0.0080 8515.59 
0164 0.0278 0.0197 0.0081 623.92 
0247 0.02875 0.02055 0.0082 183.07 
0313 0.0257 0.0175 0.0082 4708.99 
0298 0.032 0.02355 0.0085 1535.82 
0399 0.0301 0.0214 0.0087 28800 
0370 0.02915 0.02015 0.0090 2934.26 
0087 0.02905 0.02 0.0091 744.73 
0484 0.0352 0.02605 0.0091 1583.09 
0405 0.03185 0.0221 0.0098 334.87 
0148 0.03245 0.02255 0.0099 1581.82 
0137 0.03165 0.02145 0.0102 1382.97 
0192 0.0315 0.02125 0.0103 2445.17 
0249 0.0323 0.02205 0.0103 1485.94 
0315 0.0317 0.02145 0.0103 549.12 
0347 0.0331 0.02285 0.0103 2574.69 
0411 0.0343 0.0239 0.0104 1428.51 
0412 0.03575 0.0252 0.0106 5182.71 
0113 0.0297 0.01895 0.0108 1530.49 
0480 0.0334 0.0225 0.0109 1751.76 
0292 0.0358 0.02475 0.0110 10140.84 
0331 0.03165 0.0205 0.0112 645.64 
0312 0.03805 0.02645 0.0116 10637.09 
0395 0.03915 0.0274 0.0117 276.82 
0016 0.03135 0.01845 0.0129 650.35 
0451 0.03555 0.02265 0.0129 6047.73 
0394 0.03385 0.02085 0.0130 1645.64 
0473 0.0368 0.0238 0.0130 28800 
0294 0.0349 0.02185 0.0131 3675.17 
0433 0.03385 0.02055 0.0133 643.93 
0434 0.0331 0.0196 0.0135 646.76 
0448 0.0338 0.0203 0.0135 1346.85 
0381 0.036 0.0221 0.0139 373.27 
0064 0.0365 0.0221 0.0144 2398.89 
0059 0.03795 0.02325 0.0147 2443.68 
0166 0.03615 0.0212 0.0149 1435.98 
0455 0.0336 0.01845 0.0152 326.45 
0354 0.0375 0.0221 0.0154 2835.69 
0002 0.036 0.02025 0.0158 2976.7 
0044 0.03865 0.02265 0.0160 652.78 
0432 0.04115 0.0251 0.0160 617.83 
0306 0.03895 0.0228 0.0161 674.97 
0301 0.0406 0.02425 0.0164 668.09 
0202 0.0386 0.02215 0.0165 6273.65 
0223 0.03625 0.0197 0.0166 1608.71 
0233 0.0331 0.01635 0.0168 5160.37 
0052 0.03895 0.022 0.0169 5813.24 
0341 0.036 0.01915 0.0169 310.94 
0373 0.04025 0.0234 0.0169 1711.62 
0086 0.03945 0.02245 0.0170 1477.99 
0283 0.03655 0.01955 0.0170 10917.06 
0487 0.0357 0.01855 0.0172 5296.85 
0253 0.04 0.0227 0.0173 1315.22 
0107 0.0399 0.0224 0.0175 707.41 
0263 0.04055 0.02285 0.0177 478.93 
0422 0.04085 0.02295 0.0179 5949.24 
0013 0.0374 0.01835 0.0191 1398.02 
0028 0.04075 0.0216 0.0192 449.34 
0409 0.03985 0.0205 0.0194 1483.35 
0220 0.0464 0.0268 0.0196 28800 
0491 0.0377 0.0181 0.0196 2654.04 
0330 0.03975 0.01995 0.0198 2378.12 
0356 0.04025 0.0202 0.0201 723.42 
0093 0.0414 0.0211 0.0203 3121.93 
0427 0.03905 0.0188 0.0203 1460.03 
0122 0.0433 0.0229 0.0204 11051.06 
0296 0.04915 0.02835 0.0208 2845.75 
0368 0.04425 0.02325 0.0210 1335.56 
0497 0.0431 0.02215 0.0210 663.51 
0483 0.0425 0.02135 0.0212 1379.04 
0378 0.04695 0.0253 0.0217 10116.04 
0011 0.0415 0.0189 0.0226 4984.05 
0102 0.04885 0.0259 0.0230 653.5 
0007 0.0446 0.02145 0.0232 11637.12 
0138 0.04445 0.02105 0.0234 248.65 
0258 0.04135 0.0172 0.0242 399.61 
0342 0.0464 0.022 0.0244 3125.71 
0353 0.0453 0.02015 0.0252 762.43 
0400 0.04685 0.02145 0.0254 647.27 
0152 0.0455 0.0191 0.0264 1507.57 
0305 0.0468 0.02045 0.0264 5684.08 
0041 0.04725 0.0206 0.0267 28800 
0388 0.05525 0.02855 0.0267 2773.52 
0000 0.0501 0.02305 0.0271 310.2 
0167 0.0486 0.0205 0.0281 7072.36 
0438 0.0466 0.0184 0.0282 2557.38 
0242 0.05365 0.0251 0.0286 4275.34 
0343 0.05015 0.0215 0.0287 1697.63 
0462 0.05 0.0213 0.0287 351.32 
0020 0.05065 0.02145 0.0292 4915.37 
0326 0.05165 0.02245 0.0292 774.69 
0088 0.05105 0.02 0.0311 4303.91 
0265 0.0497 0.0179 0.0318 5412.63 
0004 0.0538 0.0218 0.0320 3022.51 
0120 0.056 0.02375 0.0323 1231.35 
0039 0.0559 0.02285 0.0331 711.01 
0392 0.0565 0.02345 0.0331 2495.25 
0496 0.056 0.02255 0.0335 1306.62 
0019 0.05325 0.01885 0.0344 11186.27 
0073 0.05475 0.02035 0.0344 2972.74 
0277 0.0587 0.02325 0.0354 1294.23 
0446 0.05525 0.0199 0.0354 615.92 
0023 0.0604 0.02475 0.0356 3099.12 
0250 0.0633 0.02625 0.0370 20273.58 
0197 0.05865 0.02115 0.0375 870.35 
0144 0.06085 0.02265 0.0382 2708.85 
0402 0.0624 0.02405 0.0383 191.55 
0139 0.059 0.0199 0.0391 2527.8 
0154 0.0648 0.02235 0.0424 5628.01 
0311 0.06695 0.02405 0.0429 1447.42 
0278 0.0623 0.01825 0.0441 1453.66 
0235 0.0727 0.02335 0.0493 746.26 
0318 0.071 0.0209 0.0501 682.38 
0134 0.07595 0.02435 0.0516 5758.65 
0488 0.0738 0.0203 0.0535 976.58 
0076 0.07625 0.021 0.0552 5443.85 
0264 0.07545 0.0175 0.0579 747.08 
0112 0.08955 0.02215 0.0674 5111.2 
0383 0.09025 0.0226 0.0677 19494.02 
0127 0.0989 0.0256 0.0733 725.18 
0050 0.0961 0.0206 0.0755 6431.47 
0021 0.1124 0.02785 0.0846 1209.71 
0429 0.1065 0.02175 0.0848 746.03 
0304 0.11815 0.02505 0.0931 10526.22 
0090 0.1159 0.0225 0.0934 919.8 
0454 0.11755 0.0226 0.0950 4869.49 
0224 0.1217 0.02505 0.0966 9556.09 
